7.81525986082 29.2191726248 0 0.72636316495 25
112.180943535 27.2094204058 0 0.833403419761 25
6.73510639197 27.4461274088 0 0.769301857164 25
207.844039997 27.787910233 0 0.860338777072 25
108.798204734 29.0307305007 0 0.911453536597 25
193.662083598 27.247822374 0 0.781319699067 25
5.77626477392 28.4338677175 0 0.859435485904 25
242.575272076 27.8972653779 0 0.916385073282 25
144.373098035 26.6372134404 0 0.917945224887 25
308.050223719 26.4383459453 0 0.937085489622 25
263.797709954 27.6579537548 0 0.833853618739 25
303.518314319 28.5965467838 0 0.662242248754 25
262.875881827 25.3520732701 0 0.800519907879 25
169.500424425 26.4657577341 0 0.814905289825 25
163.325844942 29.7492914454 0 0.676274593575 25
171.317649489 27.2013661747 0 0.907788109057 25
65.5093175562 29.8461301611 0 0.934121460359 25
355.696398644 29.920514801 0 0.895072911506 25
100.813735954 29.572114107 0 0.925709881001 25
320.738250051 26.6169975349 0 0.698902422454 25
247.290697459 28.0169233758 0 0.808933639753 25
39.7482862096 26.9900768095 0 0.869655688447 25
173.744732948 26.7770915809 0 0.664745735292 25
27.9986921996 28.8475200701 0 0.81955720406 25
