75.8883808996 25.3954305385 0 0.890634039205 25
41.0639955473 26.0225556316 0 0.738235402889 25
183.001910788 27.6076089543 0 0.924964872586 25
171.665124269 25.0021379203 0 0.659291538036 25
337.691784487 27.5403785049 0 0.688870655155 25
254.672800659 29.5880083421 0 0.816110323674 25
89.7225899319 27.85817782 0 0.660613998342 25
27.7567443892 26.3016130762 0 0.655214543013 25
261.993151853 25.5170901661 0 0.836881096102 25
357.528130568 26.1324268236 0 0.846606202907 25
133.011605236 28.0394249697 0 0.809986904266 25
54.1277407717 27.1205713634 0 0.866262525789 25
320.06675168 26.492684578 0 0.881304395457 25
247.608320749 27.0017105361 0 0.806516666725 25
210.684098756 28.3332523802 0 0.672271027955 25
329.544851497 29.4669284505 0 0.650883173715 25
201.027922842 25.1663510541 0 0.905119858968 25
33.5453810273 25.6764153281 0 0.802674926815 25
12.02425154 29.7736122424 0 0.707004455202 25
348.382823289 29.8432013763 0 0.918749500267 25
59.7047475054 27.5267371866 0 0.715559018037 25
33.524638573 26.823013327 0 0.659319056462 25
146.472921759 25.6219559234 0 0.718151351871 25
28.6735762643 27.1310782792 0 0.835956804457 25
