269.682393315 29.7514423081 0 0.812717413913 25
357.701344517 29.3879414901 0 0.790962362251 25
5.6959957628 26.5160095042 0 0.887477695796 25
199.071431173 26.9099869833 0 0.823955034451 25
189.2747689 26.0918656791 0 0.706140583613 25
184.387001663 26.1154508183 0 0.678203680946 25
187.799899162 26.1211762576 0 0.942223408656 25
237.986219552 27.0532343207 0 0.880067876625 25
280.210859336 25.4876666259 0 0.767305057062 25
17.9835085891 25.4471826129 0 0.672881948335 25
317.924885758 27.3566026736 0 0.808055311765 25
140.670416355 28.517955245 0 0.83062883355 25
22.7005591518 29.938406219 0 0.760539220643 25
285.649757217 29.2234548524 0 0.847067741532 25
209.360160306 29.4168587215 0 0.746910118 25
184.426961201 29.6844315481 0 0.729376976788 25
119.816808793 25.7294791251 0 0.680995168879 25
201.990150544 29.5112934946 0 0.77070792559 25
57.9516921489 27.527068046 0 0.774113278906 25
105.457137057 29.7696479415 0 0.70563781568 25
322.563592758 26.4111910521 0 0.756597758616 25
141.029471332 29.2093843102 0 0.779783796137 25
119.231858463 26.1538068238 0 0.693901708778 25
73.057094431 29.4152417652 0 0.74942234358 25
