162.01708916 25.7140146741 0 0.667311892487 25
348.055404634 26.0500770521 0 0.696395254913 25
263.928266144 26.1970665065 0 0.858990236647 25
153.585892775 29.599358416 0 0.948391775457 25
222.152631543 27.2829913815 0 0.711942525233 25
234.434955828 26.2545516917 0 0.760906216786 25
359.74157555 25.0772163277 0 0.819588052553 25
284.79621533 29.6343234538 0 0.653880837303 25
40.4475562941 25.2209293205 0 0.783422018958 25
101.046641492 27.2066076399 0 0.89830163136 25
218.781245727 28.2358004463 0 0.674823831531 25
316.316280361 25.608111017 0 0.823439958156 25
342.220364277 28.744112156 0 0.910806496788 25
97.700483825 25.0532101618 0 0.867487319221 25
238.504839723 27.342657309 0 0.909641669653 25
203.650906678 28.5972770952 0 0.739730050126 25
6.81771132794 29.8214212561 0 0.876352872503 25
44.003458011 27.3405069691 0 0.65533074142 25
161.022144714 25.2194407301 0 0.880204446607 25
270.042366791 25.0033343655 0 0.918453841034 25
295.0842609 25.4348097537 0 0.744756613407 25
216.30412771 29.0543245105 0 0.882989823756 25
307.007964683 25.500727114 0 0.697060526542 25
246.834620754 27.2227402845 0 0.839147075021 25
