252.407318253 25.1875760843 0 0.675840700156 25
347.418475775 28.4258799289 0 0.793104742621 25
60.5601350429 29.028766168 0 0.67187368107 25
297.545730821 26.0192217425 0 0.850857934634 25
256.381150828 26.5315223548 0 0.702278374338 25
326.789038577 25.5484213625 0 0.789998018422 25
330.024416242 26.1681426211 0 0.684064652872 25
174.683838929 26.0157989629 0 0.90028369953 25
13.9060537404 25.5039411996 0 0.895197576256 25
35.6334912476 28.9252135006 0 0.801459170563 25
6.42818713596 26.9919579959 0 0.906751353915 25
180.854346785 25.2009945515 0 0.727108050192 25
341.082813487 27.3075487607 0 0.713641402939 25
146.480475741 26.8372574253 0 0.834773457736 25
305.288994817 25.930574898 0 0.852612762999 25
307.946893054 27.9736268891 0 0.67010095377 25
41.0560342312 26.4913722259 0 0.831970990686 25
205.789504349 25.9814442564 0 0.770536232258 25
245.078998629 26.5996974557 0 0.767343046437 25
158.24537441 25.1673924858 0 0.918696460812 25
130.704715785 29.3965277478 0 0.768223214436 25
189.42441487 26.7580048232 0 0.668770724877 25
184.93532946 26.1359607087 0 0.886895198469 25
223.484332121 28.0041012021 0 0.657573547848 25
