252.240769455 26.8210927123 0 0.650492363542 25
127.006922012 26.4586570265 0 0.831938038935 25
218.195329824 28.0959058189 0 0.717798021041 25
257.776043075 28.3265164984 0 0.680701815457 25
1.35936774118 26.7840354844 0 0.682866227901 25
135.758540456 29.5488106879 0 0.824234406167 25
191.298842942 29.5145652214 0 0.79105819298 25
141.751750247 27.918438514 0 0.870779016568 25
6.59142339499 25.9733514147 0 0.885483064695 25
2.13618929276 29.0460525376 0 0.817401135208 25
337.630623106 29.6071599599 0 0.818491435331 25
290.076817125 29.1308508377 0 0.786111622626 25
202.958193043 25.1036851092 0 0.780412928997 25
146.04448682 25.5593241262 0 0.944086858258 25
259.015469327 25.7551238339 0 0.808429447741 25
317.259222691 28.0881705575 0 0.704769128887 25
304.822966142 28.8013611839 0 0.766231469447 25
213.729491125 27.303042065 0 0.911784507043 25
34.2260989406 25.3725023795 0 0.747044800953 25
200.376106669 29.9765388121 0 0.706102477709 25
290.975584792 27.2394643166 0 0.731974985896 25
103.833460662 28.9706790225 0 0.827740997039 25
278.20939883 27.2283642534 0 0.864325938652 25
352.168767728 27.7919247541 0 0.896824622305 25
