222.956664706 28.6626066017 0 0.926673522361 25
242.646238212 26.8893522072 0 0.703176833252 25
317.39894986 26.7484027227 0 0.706173586287 25
80.6523331941 26.8566799253 0 0.839780094448 25
42.2222718424 27.9009922305 0 0.703410743578 25
213.274021233 26.2256933244 0 0.859648157241 25
331.768478756 26.712484945 0 0.929461731734 25
215.476233775 26.2073346318 0 0.834417832458 25
155.186971373 28.9276305536 0 0.882414535819 25
247.245041465 26.6604884313 0 0.926192452423 25
77.166314527 25.5653148223 0 0.802303103608 25
259.301725793 26.4741618819 0 0.883091148254 25
17.3775776302 29.088189793 0 0.699531250393 25
86.9093530949 28.0618181107 0 0.803382047122 25
196.018296867 28.3184827585 0 0.881187477669 25
331.606449003 27.590919446 0 0.848385171964 25
314.447309091 26.5141439084 0 0.82519669403 25
62.0873943378 26.1142106117 0 0.701435121709 25
176.432514042 28.4835563304 0 0.790849299654 25
96.2936267996 29.8462343451 0 0.907649939914 25
334.533740435 27.2333771449 0 0.832418055699 25
81.5615496509 27.3137843943 0 0.912489176838 25
91.3123324762 25.6752780253 0 0.789649503467 25
267.069990306 28.5984724966 0 0.91243286711 25
