91.5236223669 26.8532612353 0 0.789176634988 25
59.2989002811 26.8270451949 0 0.837542523257 25
261.93563912 26.1082167644 0 0.693943239487 25
319.751794786 26.1874515144 0 0.780045603682 25
333.398850592 26.6304767996 0 0.707991990634 25
135.674869627 28.4327733875 0 0.773758173176 25
75.1866887483 29.4063315573 0 0.94728640566 25
97.5127517648 25.2655714456 0 0.651604276395 25
329.988509435 26.0227686518 0 0.871067204789 25
135.678804306 29.3205598706 0 0.943761815542 25
225.487953556 27.9600698159 0 0.75659706145 25
342.915350055 27.9017748013 0 0.759623139127 25
131.744304453 29.9145020542 0 0.697971684628 25
20.0491717201 25.0832859486 0 0.667202707832 25
244.541859248 29.9649007045 0 0.839167502159 25
146.636318751 27.3591881852 0 0.768775934362 25
249.860238563 28.6368590292 0 0.823610783893 25
26.377938754 27.4391523794 0 0.651327794506 25
210.50603186 27.918936804 0 0.87972546711 25
108.849056712 29.3029606703 0 0.670948676925 25
329.312765191 26.698386324 0 0.948706430377 25
1.21616294474 27.7431714422 0 0.8761793602 25
166.325817987 26.2926469281 0 0.79377216383 25
2.27327157687 26.8421305421 0 0.829423221216 25
