143.841725415 25.7184008703 0 0.911725435788 25
109.740935525 25.9827850658 0 0.706919550579 25
193.225293452 28.5013968049 0 0.720174453172 25
278.644355787 28.6454292187 0 0.881395538341 25
190.650809275 25.8741781148 0 0.712267701281 25
212.712954044 25.4927452658 0 0.813528765198 25
157.781816751 29.1724305537 0 0.661210410993 25
124.189709698 28.0332976715 0 0.714305376323 25
112.475678439 25.0000745815 0 0.864634535125 25
253.594972012 26.2257814305 0 0.716220032432 25
82.8012047719 29.178168613 0 0.836092086612 25
134.704992278 26.6438272288 0 0.722880836309 25
148.147097278 26.5433459557 0 0.83973648986 25
23.0185547142 29.954377359 0 0.920805825263 25
105.508444056 25.8869516645 0 0.767415645656 25
120.84808378 25.2953048203 0 0.729090213718 25
183.22359014 29.1880325109 0 0.802911824672 25
234.974804701 26.6472968166 0 0.828737714821 25
350.580598872 29.7331634587 0 0.825221003757 25
20.5347857929 25.6276937117 0 0.934248259766 25
127.307232322 26.9216172164 0 0.802681359245 25
334.139600832 27.648392471 0 0.867527352448 25
251.870059407 25.8089947382 0 0.894195395291 25
5.80554292409 25.3728399697 0 0.733540251222 25
