347.602756478 29.1480525716 0 0.770550079342 25
260.739212537 28.9214228815 0 0.73498429289 25
132.430242347 25.454377373 0 0.884049791935 25
231.337209214 28.283756783 0 0.70349107641 25
165.934275907 29.5558815957 0 0.691520053984 25
161.756943702 28.448373091 0 0.664286142888 25
274.544769214 26.8296016103 0 0.892801764399 25
315.74991041 26.4174934783 0 0.841693235327 25
76.0513442827 28.0426872861 0 0.672016747873 25
264.776665211 26.2596589355 0 0.687436224354 25
92.1505468097 29.0420022544 0 0.774566091245 25
149.267699134 26.6887813111 0 0.871765949215 25
94.0562941895 26.2431583656 0 0.683122473259 25
205.574685129 26.1951810848 0 0.795953122549 25
7.79802301744 27.6780629865 0 0.882233993467 25
336.071727738 27.9584863697 0 0.898467406085 25
155.26847547 27.5032024682 0 0.898076751623 25
109.106581532 26.8466275034 0 0.827622669269 25
142.924032394 27.2294516699 0 0.823305765709 25
240.329891795 25.4926013705 0 0.693889780202 25
243.445785239 28.1667898085 0 0.720922477625 25
2.14912924084 28.4541862187 0 0.898984624209 25
303.291734855 28.0515667572 0 0.792772677082 25
184.896933484 27.2421618017 0 0.82596588785 25
